8 8
4 4
20 1 0
2
100 100 100
0 255 0

1
3328
0 0 0 0 0 0 0 0 
0 0 0 0 0 0 0 0 
0 0 1 0 0 1 0 0 
0 0 0 1 1 0 0 0 
0 0 0 1 1 0 0 0 
0 0 1 0 0 1 0 0 
0 0 0 0 0 0 0 0 
0 0 0 0 0 0 0 0 

0 1 1 1 1 0 0 0 
1 0 0 0 0 1 0 0 
1 0 0 0 0 1 0 0 
1 1 1 1 1 1 0 0 
1 0 0 0 0 1 0 0 
1 0 0 0 0 1 0 0 
1 0 0 0 0 1 0 0 
0 0 0 0 0 0 0 0 

1 1 1 1 1 0 0 0 
1 0 0 0 0 1 0 0 
1 1 1 1 1 0 0 0 
1 0 0 0 0 1 0 0 
1 0 0 0 0 1 0 0 
1 0 0 0 0 1 0 0 
1 1 1 1 1 0 0 0 
0 0 0 0 0 0 0 0 

0 1 1 1 1 1 0 0 
1 0 0 0 0 0 0 0 
1 0 0 0 0 0 0 0 
1 0 0 0 0 0 0 0 
1 0 0 0 0 0 0 0 
1 0 0 0 0 0 0 0 
0 1 1 1 1 1 0 0 
0 0 0 0 0 0 0 0 

1 1 1 1 1 0 0 0 
1 0 0 0 0 1 0 0 
1 0 0 0 0 1 0 0 
1 0 0 0 0 1 0 0 
1 0 0 0 0 1 0 0 
1 0 0 0 0 1 0 0 
1 1 1 1 1 0 0 0 
0 0 0 0 0 0 0 0 

1 1 1 1 1 1 0 0 
1 0 0 0 0 0 0 0 
1 0 0 0 0 0 0 0 
1 1 1 1 0 0 0 0 
1 0 0 0 0 0 0 0 
1 0 0 0 0 0 0 0 
1 1 1 1 1 1 0 0 
0 0 0 0 0 0 0 0 

1 1 1 1 1 1 0 0 
1 0 0 0 0 0 0 0 
1 0 0 0 0 0 0 0 
1 1 1 1 0 0 0 0 
1 0 0 0 0 0 0 0 
1 0 0 0 0 0 0 0 
1 0 0 0 0 0 0 0 
0 0 0 0 0 0 0 0 

0 1 1 1 1 0 0 0 
1 0 0 0 0 1 0 0 
1 0 0 0 0 0 0 0 
1 0 0 0 0 0 0 0 
1 0 1 1 1 1 0 0 
1 0 0 0 0 1 0 0 
0 1 1 1 1 0 0 0 
0 0 0 0 0 0 0 0 

1 0 0 0 0 1 0 0 
1 0 0 0 0 1 0 0 
1 0 0 0 0 1 0 0 
1 1 1 1 1 1 0 0 
1 0 0 0 0 1 0 0 
1 0 0 0 0 1 0 0 
1 0 0 0 0 1 0 0 
0 0 0 0 0 0 0 0 

1 1 1 1 1 1 0 0 
0 0 1 0 0 0 0 0 
0 0 1 0 0 0 0 0 
0 0 1 0 0 0 0 0 
0 0 1 0 0 0 0 0 
0 0 1 0 0 0 0 0 
1 1 1 1 1 1 0 0 
0 0 0 0 0 0 0 0 

0 0 0 0 0 1 0 0 
0 0 0 0 0 1 0 0 
0 0 0 0 0 1 0 0 
0 0 0 0 0 1 0 0 
1 0 0 0 0 1 0 0 
1 0 0 0 0 1 0 0 
0 1 1 1 1 0 0 0 
0 0 0 0 0 0 0 0 

1 0 0 0 0 1 0 0 
1 0 0 0 1 0 0 0 
1 0 0 1 0 0 0 0 
1 1 1 0 0 0 0 0 
1 0 0 1 0 0 0 0 
1 0 0 0 1 0 0 0 
1 0 0 0 0 1 0 0 
0 0 0 0 0 0 0 0 

1 0 0 0 0 0 0 0 
1 0 0 0 0 0 0 0 
1 0 0 0 0 0 0 0 
1 0 0 0 0 0 0 0 
1 0 0 0 0 0 0 0 
1 0 0 0 0 0 0 0 
1 1 1 1 1 1 0 0 
0 0 0 0 0 0 0 0 

1 1 0 0 1 1 0 0 
1 0 1 1 0 1 0 0 
1 0 1 1 0 1 0 0 
1 0 0 0 0 1 0 0 
1 0 0 0 0 1 0 0 
1 0 0 0 0 1 0 0 
1 0 0 0 0 1 0 0 
0 0 0 0 0 0 0 0 

1 1 0 0 0 1 0 0 
1 0 1 0 0 1 0 0 
1 0 1 0 0 1 0 0 
1 0 0 1 0 1 0 0 
1 0 0 1 0 1 0 0 
1 0 0 0 1 1 0 0 
1 0 0 0 1 1 0 0 
0 0 0 0 0 0 0 0 

0 1 1 1 1 0 0 0 
1 0 0 0 0 1 0 0 
1 0 0 0 0 1 0 0 
1 0 0 0 0 1 0 0 
1 0 0 0 0 1 0 0 
1 0 0 0 0 1 0 0 
0 1 1 1 1 0 0 0 
0 0 0 0 0 0 0 0 

1 1 1 1 1 0 0 0 
1 0 0 0 0 1 0 0 
1 0 0 0 0 1 0 0 
1 0 0 0 0 1 0 0 
1 1 1 1 1 0 0 0 
1 0 0 0 0 0 0 0 
1 0 0 0 0 0 0 0 
0 0 0 0 0 0 0 0 

1 1 1 1 1 0 0 0 
1 0 0 0 0 1 0 0 
1 0 0 0 0 1 0 0 
1 0 0 0 0 1 0 0 
1 1 1 1 1 0 0 0 
1 0 0 0 0 1 0 0 
1 0 0 0 0 1 0 0 
0 0 0 0 0 0 0 0 

0 1 1 1 1 0 0 0 
1 0 0 0 0 1 0 0 
1 0 0 0 0 0 0 0 
1 1 1 0 0 0 0 0 
0 0 0 1 1 1 0 0 
1 0 0 0 0 1 0 0 
0 1 1 1 1 0 0 0 
0 0 0 0 0 0 0 0 

1 1 1 1 1 1 0 0 
0 0 1 0 0 0 0 0 
0 0 1 0 0 0 0 0 
0 0 1 0 0 0 0 0 
0 0 1 0 0 0 0 0 
0 0 1 0 0 0 0 0 
0 0 1 0 0 0 0 0 
0 0 0 0 0 0 0 0 

1 0 0 0 0 1 0 0 
1 0 0 0 0 1 0 0 
1 0 0 0 0 1 0 0 
1 0 0 0 0 1 0 0 
1 0 0 0 0 1 0 0 
1 0 0 0 0 1 0 0 
0 1 1 1 1 0 0 0 
0 0 0 0 0 0 0 0 

1 0 0 0 0 1 0 0 
1 0 0 0 0 1 0 0 
1 0 0 0 0 1 0 0 
0 1 0 0 1 0 0 0 
0 1 0 0 1 0 0 0 
0 1 0 0 1 0 0 0 
0 0 1 1 0 0 0 0 
0 0 0 0 0 0 0 0 

1 0 0 0 0 1 0 0 
1 0 0 0 0 1 0 0 
1 0 1 1 0 1 0 0 
1 0 1 1 0 1 0 0 
1 0 1 1 0 1 0 0 
1 0 1 1 0 1 0 0 
0 1 0 0 1 0 0 0 
0 0 0 0 0 0 0 0 

1 0 0 0 0 1 0 0 
1 0 0 0 0 1 0 0 
0 1 0 0 1 0 0 0 
0 0 1 1 0 0 0 0 
0 1 0 0 1 0 0 0 
1 0 0 0 0 1 0 0 
1 0 0 0 0 1 0 0 
0 0 0 0 0 0 0 0 

1 0 0 0 0 1 0 0 
1 0 0 0 0 1 0 0 
0 1 0 0 1 0 0 0 
0 0 1 1 0 0 0 0 
0 1 0 0 0 0 0 0 
1 0 0 0 0 0 0 0 
1 0 0 0 0 0 0 0 
0 0 0 0 0 0 0 0 

1 1 1 1 1 1 0 0 
0 0 0 0 0 1 0 0 
0 0 0 1 1 0 0 0 
0 0 1 0 0 0 0 0 
0 1 0 0 0 0 0 0 
1 0 0 0 0 0 0 0 
1 1 1 1 1 1 0 0 
0 0 0 0 0 0 0 0 

0 0 0 0 0 0 0 0 
0 0 0 0 0 0 0 0 
0 1 1 1 1 0 0 0 
1 0 0 0 1 0 0 0 
1 0 0 0 1 0 0 0 
1 0 0 0 1 0 0 0 
0 1 1 1 1 1 0 0 
0 0 0 0 0 0 0 0 

1 0 0 0 0 0 0 0 
1 0 0 0 0 0 0 0 
1 0 1 1 1 0 0 0 
1 1 0 0 0 1 0 0 
1 0 0 0 0 1 0 0 
1 1 0 0 0 1 0 0 
1 0 1 1 1 0 0 0 
0 0 0 0 0 0 0 0 

0 0 0 0 0 0 0 0 
0 0 0 0 0 0 0 0 
0 1 1 1 0 0 0 0 
1 0 0 0 1 0 0 0 
1 0 0 0 0 0 0 0 
1 0 0 0 1 0 0 0 
0 1 1 1 0 0 0 0 
0 0 0 0 0 0 0 0 

0 0 0 0 0 1 0 0 
0 0 0 0 0 1 0 0 
0 0 1 1 0 1 0 0 
0 1 0 0 1 1 0 0 
1 0 0 0 0 1 0 0 
0 1 0 0 1 1 0 0 
0 0 1 1 0 1 0 0 
0 0 0 0 0 0 0 0 

0 0 0 0 0 0 0 0 
0 0 0 0 0 0 0 0 
0 1 1 1 0 0 0 0 
1 0 0 0 1 0 0 0 
1 1 1 1 0 0 0 0 
1 0 0 0 0 0 0 0 
0 1 1 1 1 0 0 0 
0 0 0 0 0 0 0 0 

0 1 1 1 0 0 0 0 
1 0 0 0 0 0 0 0 
1 0 0 0 0 0 0 0 
1 1 0 0 0 0 0 0 
1 0 0 0 0 0 0 0 
1 0 0 0 0 0 0 0 
1 0 0 0 0 0 0 0 
0 0 0 0 0 0 0 0 

0 0 0 0 0 0 0 0 
0 0 0 0 0 0 0 0 
0 1 1 0 0 0 0 0 
1 0 0 1 0 0 0 0 
1 0 0 1 0 0 0 0 
0 1 1 0 0 0 0 0 
0 0 0 1 0 0 0 0 
1 1 1 0 0 0 0 0 

0 0 0 0 0 0 0 0 
1 0 0 0 0 0 0 0 
1 0 0 0 0 0 0 0 
1 0 0 0 0 0 0 0 
1 1 1 0 0 0 0 0 
1 0 0 1 0 0 0 0 
1 0 0 1 0 0 0 0 
0 0 0 0 0 0 0 0 

0 0 0 0 0 0 0 0 
1 0 0 0 0 0 0 0 
0 0 0 0 0 0 0 0 
1 0 0 0 0 0 0 0 
1 0 0 0 0 0 0 0 
1 0 0 0 0 0 0 0 
1 0 0 0 0 0 0 0 
0 0 0 0 0 0 0 0 

0 0 0 1 0 0 0 0 
0 0 0 0 0 0 0 0 
0 0 0 1 0 0 0 0 
0 0 0 1 0 0 0 0 
0 0 0 1 0 0 0 0 
1 0 0 1 0 0 0 0 
0 1 1 0 0 0 0 0 
0 0 0 0 0 0 0 0 

1 0 0 0 0 0 0 0 
1 0 0 0 0 0 0 0 
1 0 0 1 0 0 0 0 
1 0 1 0 0 0 0 0 
1 1 0 0 0 0 0 0 
1 0 1 0 0 0 0 0 
1 0 0 1 0 0 0 0 
0 0 0 0 0 0 0 0 

1 0 0 0 0 0 0 0 
1 0 0 0 0 0 0 0 
1 0 0 0 0 0 0 0 
1 0 0 0 0 0 0 0 
1 0 0 0 0 0 0 0 
1 0 0 0 0 0 0 0 
1 0 0 0 0 0 0 0 
0 0 0 0 0 0 0 0 

0 0 0 0 0 0 0 0 
0 0 0 0 0 0 0 0 
1 0 1 1 0 1 0 0 
1 1 0 0 1 0 1 0 
1 0 0 0 1 0 1 0 
1 0 0 0 1 0 1 0 
1 0 0 0 1 0 1 0 
0 0 0 0 0 0 0 0 

0 0 0 0 0 0 0 0 
0 0 0 0 0 0 0 0 
1 0 1 1 0 0 0 0 
1 1 0 0 1 0 0 0 
1 0 0 0 1 0 0 0 
1 0 0 0 1 0 0 0 
1 0 0 0 1 0 0 0 
0 0 0 0 0 0 0 0 

0 0 0 0 0 0 0 0 
0 0 0 0 0 0 0 0 
0 1 1 1 0 0 0 0 
1 0 0 0 1 0 0 0 
1 0 0 0 1 0 0 0 
1 0 0 0 1 0 0 0 
0 1 1 1 0 0 0 0 
0 0 0 0 0 0 0 0 

0 0 0 0 0 0 0 0 
0 0 0 0 0 0 0 0 
1 1 1 0 0 0 0 0 
1 0 0 1 0 0 0 0 
1 0 0 1 0 0 0 0 
1 1 1 0 0 0 0 0 
1 0 0 0 0 0 0 0 
1 0 0 0 0 0 0 0 

0 0 0 0 0 0 0 0 
0 0 0 0 0 0 0 0 
0 1 1 0 0 0 0 0 
1 0 0 1 0 0 0 0 
1 0 0 1 0 0 0 0 
0 1 1 0 0 0 0 0 
0 0 0 1 0 0 0 0 
0 0 0 0 1 0 0 0 

0 0 0 0 0 0 0 0 
0 0 0 0 0 0 0 0 
1 0 1 1 0 0 0 0 
1 1 0 0 0 0 0 0 
1 0 0 0 0 0 0 0 
1 0 0 0 0 0 0 0 
1 0 0 0 0 0 0 0 
0 0 0 0 0 0 0 0 

0 0 0 0 0 0 0 0 
0 1 1 1 0 0 0 0 
1 0 0 0 1 0 0 0 
0 1 0 0 0 0 0 0 
0 0 1 1 0 0 0 0 
1 0 0 0 1 0 0 0 
0 1 1 1 0 0 0 0 
0 0 0 0 0 0 0 0 

1 0 0 0 0 0 0 0 
1 0 0 0 0 0 0 0 
1 0 0 0 0 0 0 0 
1 1 1 0 0 0 0 0 
1 0 0 0 0 0 0 0 
1 0 0 0 0 0 0 0 
0 1 1 1 0 0 0 0 
0 0 0 0 0 0 0 0 

0 0 0 0 0 0 0 0 
0 0 0 0 0 0 0 0 
0 0 0 0 0 0 0 0 
1 0 0 1 0 0 0 0 
1 0 0 1 0 0 0 0 
1 0 0 1 0 0 0 0 
0 1 1 0 0 0 0 0 
0 0 0 0 0 0 0 0 

0 0 0 0 0 0 0 0 
0 0 0 0 0 0 0 0 
0 0 0 0 0 0 0 0 
1 0 0 0 1 0 0 0 
1 0 0 0 1 0 0 0 
0 1 0 1 0 0 0 0 
0 0 1 0 0 0 0 0 
0 0 0 0 0 0 0 0 

0 0 0 0 0 0 0 0 
0 0 0 0 0 0 0 0 
0 0 0 0 0 0 0 0 
1 0 0 0 1 0 0 0 
1 0 1 0 1 0 0 0 
1 0 1 0 1 0 0 0 
0 1 0 1 0 0 0 0 
0 0 0 0 0 0 0 0 

0 0 0 0 0 0 0 0 
0 0 0 0 0 0 0 0 
1 0 0 0 1 0 0 0 
0 1 0 1 0 0 0 0 
0 0 1 0 0 0 0 0 
0 1 0 1 0 0 0 0 
1 0 0 0 1 0 0 0 
0 0 0 0 0 0 0 0 

0 0 0 0 0 0 0 0 
0 0 0 0 0 0 0 0 
1 0 0 0 1 0 0 0 
0 1 0 1 0 0 0 0 
0 0 1 0 0 0 0 0 
0 1 0 0 0 0 0 0 
1 0 0 0 0 0 0 0 
0 0 0 0 0 0 0 0 

0 0 0 0 0 0 0 0 
0 0 0 0 0 0 0 0 
1 1 1 1 1 0 0 0 
0 0 0 0 1 0 0 0 
0 1 1 1 0 0 0 0 
1 0 0 0 0 0 0 0 
1 1 1 1 1 0 0 0 
0 0 0 0 0 0 0 0 

1 0 0 0 0 0 0 0 
1 0 0 0 0 0 0 0 
1 0 0 0 0 0 0 0 
1 0 0 0 0 0 0 0 
1 0 0 0 0 0 0 0 
0 0 0 0 0 0 0 0 
1 0 0 0 0 0 0 0 
0 0 0 0 0 0 0 0 

0 0 0 0 0 0 0 0 
0 0 0 0 0 0 0 0 
0 0 0 0 0 0 0 0 
0 0 0 0 0 0 0 0 
0 0 0 0 0 0 0 0 
0 0 0 0 0 0 0 0 
1 0 0 0 0 0 0 0 
0 0 0 0 0 0 0 0 

0 0 0 0 0 0 0 0 
0 0 0 0 0 0 0 0 
0 0 0 0 0 0 0 0 
0 0 0 0 0 0 0 0 
0 0 0 0 0 0 0 0 
0 0 0 0 0 0 0 0 
1 0 0 0 0 0 0 0 
1 0 0 0 0 0 0 0 

0 1 1 1 1 0 0 0 
1 0 0 0 0 1 0 0 
0 0 0 0 0 1 0 0 
0 0 0 0 0 1 0 0 
0 0 0 0 1 0 0 0 
0 0 0 1 0 0 0 0 
0 0 0 0 0 0 0 0 
0 0 0 1 0 0 0 0 

0 1 1 1 1 1 0 0 
1 1 1 1 1 1 1 0 
1 1 1 1 1 0 1 0 
1 1 1 1 1 0 1 0 
1 1 1 1 1 1 0 0 
1 1 1 1 1 1 0 0 
0 1 1 1 1 1 0 0 
0 0 0 0 0 0 0 0 

0 0 0 0 0 0 0 0 
1 0 1 0 1 0 0 0 
1 0 0 0 1 0 0 0 
1 0 0 1 1 0 0 0 
1 0 1 1 1 0 0 0 
1 0 1 1 1 0 0 0 
1 1 1 0 1 0 0 0 
0 0 0 0 0 0 0 0 

0 0 0 0 0 0 0 0 
1 0 0 0 0 1 0 0 
1 0 0 0 0 1 0 0 
1 0 0 0 0 1 0 0 
1 0 0 0 0 1 0 0 
1 0 0 0 0 1 0 0 
1 1 1 1 1 1 0 0 
0 0 0 0 0 1 1 0 

0 0 0 0 0 0 0 0 
1 0 0 0 0 1 0 0 
1 0 0 0 0 1 0 0 
1 1 1 0 0 1 0 0 
1 1 1 1 0 1 0 0 
1 1 0 1 0 1 0 0 
1 1 1 0 0 1 0 0 
0 0 0 0 0 0 0 0 

0 1 1 1 1 1 0 0 
1 1 1 1 1 1 1 0 
0 0 0 0 0 0 1 0 
0 0 0 1 1 1 1 0 
0 0 0 1 1 1 1 0 
1 0 0 0 0 1 1 0 
0 1 1 1 1 1 0 0 
0 0 0 0 0 0 0 0 

0 0 0 0 0 0 0 0 
0 1 1 1 1 1 0 0 
0 1 1 1 1 1 0 0 
0 1 1 0 0 1 0 0 
0 1 1 0 0 1 0 0 
0 1 1 0 0 1 0 0 
1 1 1 1 1 1 1 0 
1 1 1 1 1 1 1 0 

0 0 0 0 0 0 0 0 
1 0 0 0 1 1 0 0 
1 0 0 1 1 1 1 0 
1 1 1 1 1 0 1 0 
1 1 1 1 1 0 1 0 
1 1 0 1 1 0 1 0 
1 1 0 0 1 1 0 0 
0 0 0 0 0 0 0 0 

0 0 0 0 0 0 0 0 
0 1 1 1 1 1 0 0 
1 0 0 0 0 0 0 0 
1 1 1 1 1 0 0 0 
1 1 1 1 1 1 0 0 
1 1 0 0 0 1 0 0 
1 1 1 1 1 0 0 0 
0 0 0 0 0 0 0 0 

0 0 0 0 0 0 0 0 
1 1 0 1 0 1 1 0 
0 0 1 1 1 1 1 0 
0 0 1 1 1 1 0 0 
0 0 1 1 1 1 0 0 
0 0 1 1 1 1 0 0 
1 1 0 1 0 1 1 0 
0 0 0 0 0 0 0 0 

0 0 0 1 1 1 0 0 
0 0 0 1 1 1 0 0 
0 0 0 1 1 1 0 0 
0 0 1 1 0 1 0 0 
0 0 1 1 0 1 0 0 
0 1 1 0 0 1 0 0 
1 1 0 0 0 1 0 0 
0 0 0 0 0 0 0 0 

0 0 1 1 1 1 0 0 
0 1 1 1 1 1 0 0 
0 1 1 0 0 1 0 0 
0 0 1 1 1 1 0 0 
0 1 1 1 1 1 0 0 
1 1 0 0 0 1 0 0 
1 1 0 0 0 1 0 0 
0 0 0 0 0 0 0 0 

1 0 0 0 1 1 0 0 
1 0 0 0 1 1 0 0 
1 0 0 1 1 1 0 0 
1 0 0 1 1 1 0 0 
1 0 1 1 0 1 0 0 
1 0 1 1 0 1 0 0 
1 1 1 0 0 1 0 0 
0 0 0 0 0 0 0 0 

0 0 0 0 0 0 0 0 
0 0 0 0 0 1 0 0 
0 0 0 0 1 1 0 0 
0 0 0 1 1 0 0 0 
0 0 1 1 0 0 0 0 
0 1 1 0 0 0 0 0 
1 1 0 0 0 0 0 0 
0 0 0 0 0 0 0 0 

0 0 0 0 0 0 0 0 
0 0 1 0 0 0 0 0 
0 0 1 0 0 0 0 0 
1 1 1 1 1 0 0 0 
0 0 1 0 0 0 0 0 
0 0 1 0 0 0 0 0 
0 0 0 0 0 0 0 0 
0 0 0 0 0 0 0 0 

0 0 0 0 0 0 0 0 
0 0 0 0 0 0 0 0 
0 0 0 0 0 0 0 0 
1 1 1 1 1 0 0 0 
0 0 0 0 0 0 0 0 
0 0 0 0 0 0 0 0 
0 0 0 0 0 0 0 0 
0 0 0 0 0 0 0 0 

0 0 0 0 0 0 0 0 
1 0 0 0 1 0 0 0 
0 1 0 1 0 0 0 0 
0 0 1 0 0 0 0 0 
0 1 1 1 0 0 0 0 
1 1 0 1 1 0 0 0 
0 0 0 0 0 0 0 0 
0 0 0 0 0 0 0 0 

0 0 0 1 0 0 0 0 
0 0 1 1 1 0 0 0 
0 0 1 1 1 0 0 0 
0 1 1 0 0 1 0 0 
0 1 1 0 0 1 0 0 
1 1 0 0 0 0 1 0 
1 1 1 1 1 1 1 0 
0 0 0 0 0 0 0 0 

0 1 1 1 1 1 0 0 
1 1 1 1 1 1 1 0 
1 1 0 0 0 0 1 0 
1 1 0 0 0 0 1 0 
1 1 0 0 0 0 1 0 
1 1 0 0 0 0 1 0 
0 1 1 1 1 1 0 0 
0 0 0 0 0 0 0 0 

0 0 0 0 0 0 0 0 
1 1 1 1 1 1 0 0 
1 1 1 1 1 1 0 0 
1 1 0 0 0 1 0 0 
1 1 0 0 0 1 0 0 
1 1 0 0 0 1 0 0 
1 1 1 1 1 1 0 0 
0 0 0 0 0 0 0 0 

0 0 0 0 0 0 0 0 
1 0 0 0 0 1 0 0 
0 1 0 0 1 0 0 0 
0 0 1 1 0 0 0 0 
0 0 1 1 0 0 0 0 
0 1 1 1 1 0 0 0 
1 1 0 0 0 1 0 0 
0 0 0 0 0 0 0 0 

0 0 0 0 0 0 0 0 
0 1 1 1 0 0 0 0 
1 1 1 1 1 0 0 0 
1 0 1 0 0 0 0 0 
0 0 1 0 0 0 0 0 
0 0 1 0 0 0 0 0 
0 0 1 0 0 0 0 0 
0 0 0 0 0 0 0 0 

0 0 0 0 0 0 0 0 
0 0 1 0 0 0 0 0 
0 0 1 0 0 0 0 0 
0 0 1 0 0 0 0 0 
0 0 1 0 0 0 0 0 
1 0 1 1 1 0 0 0 
0 1 1 1 0 0 0 0 
0 0 0 0 0 0 0 0 

0 0 0 0 0 0 0 0 
0 0 0 0 1 0 0 0 
0 0 0 0 0 1 0 0 
1 1 1 1 1 1 0 0 
1 1 1 1 1 1 0 0 
0 0 0 0 1 0 0 0 
0 0 0 0 0 0 0 0 
0 0 0 0 0 0 0 0 

0 0 0 0 0 0 0 0 
0 1 0 0 0 0 0 0 
1 0 0 0 0 0 0 0 
1 1 1 1 1 1 0 0 
1 1 1 1 1 1 0 0 
0 1 0 0 0 0 0 0 
0 0 0 0 0 0 0 0 
0 0 0 0 0 0 0 0 

0 0 0 0 0 0 0 0 
0 1 1 1 0 0 0 0 
0 1 0 1 0 0 0 0 
0 1 0 1 0 0 0 0 
0 1 0 1 0 0 0 0 
0 1 1 1 0 0 0 0 
0 0 0 0 0 0 0 0 
0 0 0 0 0 0 0 0 

0 0 0 0 0 0 0 0 
0 1 0 0 0 0 0 0 
0 1 0 0 0 0 0 0 
0 1 0 0 0 0 0 0 
0 1 0 0 0 0 0 0 
0 1 0 0 0 0 0 0 
0 0 0 0 0 0 0 0 
0 0 0 0 0 0 0 0 

0 0 0 0 0 0 0 0 
0 1 1 1 0 0 0 0 
0 0 0 1 0 0 0 0 
0 1 1 1 0 0 0 0 
0 1 0 0 0 0 0 0 
0 1 1 1 0 0 0 0 
0 0 0 0 0 0 0 0 
0 0 0 0 0 0 0 0 

0 0 0 0 0 0 0 0 
0 1 1 1 0 0 0 0 
0 0 0 1 0 0 0 0 
0 1 1 1 0 0 0 0 
0 0 0 1 0 0 0 0 
0 1 1 1 0 0 0 0 
0 0 0 0 0 0 0 0 
0 0 0 0 0 0 0 0 

0 0 0 0 0 0 0 0 
0 1 0 1 0 0 0 0 
0 1 0 1 0 0 0 0 
0 1 1 1 0 0 0 0 
0 0 0 1 0 0 0 0 
0 0 0 1 0 0 0 0 
0 0 0 0 0 0 0 0 
0 0 0 0 0 0 0 0 

0 0 0 0 0 0 0 0 
0 1 1 1 0 0 0 0 
0 1 0 0 0 0 0 0 
0 1 1 1 0 0 0 0 
0 0 0 1 0 0 0 0 
0 1 1 1 0 0 0 0 
0 0 0 0 0 0 0 0 
0 0 0 0 0 0 0 0 

0 0 0 0 0 0 0 0 
0 1 1 1 0 0 0 0 
0 1 0 0 0 0 0 0 
0 1 1 1 0 0 0 0 
0 1 0 1 0 0 0 0 
0 1 1 1 0 0 0 0 
0 0 0 0 0 0 0 0 
0 0 0 0 0 0 0 0 

0 0 0 0 0 0 0 0 
0 1 1 1 0 0 0 0 
0 0 0 1 0 0 0 0 
0 0 0 1 0 0 0 0 
0 0 0 1 0 0 0 0 
0 0 0 1 0 0 0 0 
0 0 0 0 0 0 0 0 
0 0 0 0 0 0 0 0 

0 0 0 0 0 0 0 0 
0 1 1 1 0 0 0 0 
0 1 0 1 0 0 0 0 
0 1 1 1 0 0 0 0 
0 1 0 1 0 0 0 0 
0 1 1 1 0 0 0 0 
0 0 0 0 0 0 0 0 
0 0 0 0 0 0 0 0 

0 0 0 0 0 0 0 0 
0 1 1 1 0 0 0 0 
0 1 0 1 0 0 0 0 
0 1 1 1 0 0 0 0 
0 0 0 1 0 0 0 0 
0 1 1 1 0 0 0 0 
0 0 0 0 0 0 0 0 
0 0 0 0 0 0 0 0 

0 0 0 0 0 0 0 0 
0 1 1 1 0 1 1 1 
0 1 0 0 0 0 1 0 
0 1 1 1 0 0 1 0 
0 0 0 1 0 0 1 0 
0 1 1 1 0 0 1 0 
0 0 0 0 0 0 0 0 
0 0 0 0 0 0 0 0 

0 0 0 0 0 0 0 0 
0 1 1 1 0 1 1 1 
0 1 0 1 0 1 0 1 
0 1 1 1 0 1 1 1 
0 1 0 1 0 1 1 0 
0 1 0 1 0 1 0 1 
0 0 0 0 0 0 0 0 
0 0 0 0 0 0 0 0 

0 0 0 0 0 0 0 0 
0 1 1 1 0 0 0 0 
0 0 1 0 0 0 0 0 
0 0 1 0 0 0 0 0 
0 0 1 0 0 0 0 0 
0 0 1 0 0 0 0 0 
0 0 0 0 0 0 0 0 
0 0 0 0 0 0 0 0 

0 0 0 0 0 0 0 0 
0 1 1 1 1 1 0 0 
1 1 1 1 1 1 1 0 
1 1 1 1 1 0 1 0 
1 1 1 0 1 0 1 0 
1 1 1 1 1 0 1 0 
1 1 0 0 0 0 1 0 
0 1 1 1 1 1 0 0 

0 0 0 0 0 0 0 0 
0 1 1 1 1 1 0 0 
1 1 1 1 1 1 1 0 
1 1 1 0 1 0 1 0 
1 1 0 1 0 0 1 0 
1 1 1 0 1 0 1 0 
1 1 0 0 0 0 1 0 
0 1 1 1 1 1 0 0 

0 1 0 1 0 0 0 0 
0 0 0 0 0 0 0 0 
0 1 1 1 0 0 0 0 
1 1 1 1 1 0 0 0 
1 1 0 0 1 0 0 0 
1 1 0 0 1 0 0 0 
0 1 1 1 0 0 0 0 
0 0 0 0 0 0 0 0 


