16 16
0 0
40 1 0

16
100 100 255
138 61 83
175 93 93
33 22 46
20 13 43
209 130 106
241 172 123
245 209 169
30 41 71
29 66 87
36 107 107
60 139 108
106 178 91

0 0 0
0 0 0
0 0 0

1
2048
0 0 0 0 0 0 0 0 0 0 0 0 0 0 0 0 
0 0 0 0 0 0 0 0 0 0 0 0 0 0 0 0 
0 0 0 0 0 0 0 0 0 0 0 0 0 0 0 0 
0 0 0 0 0 0 0 0 0 0 0 0 0 0 0 0 
0 0 0 0 0 0 0 0 0 0 0 0 0 0 0 0 
0 0 0 0 0 1 1 1 1 1 1 0 0 0 0 0 
0 0 0 0 1 1 2 2 2 2 1 1 0 0 0 0 
0 0 0 1 1 2 2 1 1 2 2 1 1 0 0 0 
0 0 0 1 2 2 1 2 2 1 2 2 1 0 0 0 
0 0 0 1 2 2 1 2 2 1 2 2 1 0 0 0 
0 0 0 1 2 2 1 2 2 1 2 2 1 0 0 0 
0 0 0 1 2 2 1 2 2 1 2 2 1 0 0 0 
0 0 3 3 3 3 3 3 3 3 3 3 3 3 0 0 
0 3 3 3 3 3 3 3 3 3 3 3 3 3 3 0 
4 4 4 4 4 4 4 4 4 4 4 4 4 4 4 4 
4 4 4 4 4 4 4 4 4 4 4 4 4 4 4 4 

0 0 0 0 0 0 0 0 0 0 0 0 0 0 0 0 
0 0 0 0 0 0 0 0 0 0 0 0 0 0 0 0 
0 0 0 0 0 0 0 0 0 0 0 0 0 0 0 0 
0 0 0 0 0 0 0 0 0 0 0 0 0 0 0 0 
0 0 0 0 0 0 0 0 0 0 0 0 0 0 0 0 
0 0 0 0 0 1 1 1 1 1 1 0 0 0 0 0 
0 0 0 0 1 1 2 5 5 2 1 1 0 0 0 0 
0 0 0 1 1 2 5 2 2 5 2 1 1 0 0 0 
0 0 0 1 2 2 1 5 5 1 2 2 1 0 0 0 
0 0 0 1 2 2 1 2 2 1 2 2 1 0 0 0 
0 0 0 1 2 2 1 2 2 1 2 2 1 0 0 0 
0 0 0 1 2 2 1 2 2 1 2 2 1 0 0 0 
0 0 3 3 3 3 3 3 3 3 3 3 3 3 0 0 
0 3 3 3 3 3 3 3 3 3 3 3 3 3 3 0 
4 4 4 4 4 4 4 4 4 4 4 4 4 4 4 4 
4 4 4 4 4 4 4 4 4 4 4 4 4 4 4 4 

0 0 0 0 0 0 0 0 0 0 0 0 0 0 0 0 
0 0 0 0 0 0 0 0 0 0 0 0 0 0 0 0 
0 0 0 0 0 0 0 0 0 0 0 0 0 0 0 0 
0 0 0 0 0 0 0 0 0 0 0 0 0 0 0 0 
0 0 0 0 0 0 0 0 0 0 0 0 0 0 0 0 
0 0 0 0 0 2 2 2 2 2 2 0 0 0 0 0 
0 0 0 0 2 2 5 6 6 5 2 2 0 0 0 0 
0 0 0 2 2 5 6 6 6 6 5 2 2 0 0 0 
0 0 0 2 5 5 2 6 6 2 5 5 2 0 0 0 
0 0 0 2 5 5 2 5 5 2 5 5 2 0 0 0 
0 0 0 2 5 5 2 5 5 2 5 5 2 0 0 0 
0 0 0 2 5 5 2 5 5 2 5 5 2 0 0 0 
0 0 3 1 1 1 1 1 1 1 1 1 1 3 0 0 
0 3 3 3 3 3 3 3 3 3 3 3 3 3 3 0 
4 4 4 4 4 4 4 4 4 4 4 4 4 4 4 4 
4 4 4 4 4 4 4 4 4 4 4 4 4 4 4 4 

0 0 0 0 0 0 0 0 0 0 0 0 0 0 0 0 
0 0 0 0 0 0 0 0 0 0 0 0 0 0 0 0 
0 0 0 0 0 0 0 0 0 0 0 0 0 0 0 0 
0 0 0 0 0 0 0 0 0 0 0 0 0 0 0 0 
0 0 0 0 0 0 0 0 0 0 0 0 0 0 0 0 
0 0 0 0 0 5 5 5 5 5 5 0 0 0 0 0 
0 0 0 0 5 5 6 7 7 6 5 5 0 0 0 0 
0 0 0 5 5 6 7 7 7 7 6 5 5 0 0 0 
0 0 0 5 6 6 6 7 7 6 6 6 5 0 0 0 
0 0 0 5 6 6 6 6 6 6 6 6 5 0 0 0 
0 0 0 5 6 6 6 6 6 6 6 6 5 0 0 0 
0 0 0 5 6 6 6 6 6 6 6 6 5 0 0 0 
0 0 1 2 2 2 2 2 2 2 2 2 2 1 0 0 
0 3 3 1 1 1 1 1 1 1 1 1 1 3 3 0 
4 4 4 4 4 4 4 4 4 4 4 4 4 4 4 4 
4 4 4 4 4 4 4 4 4 4 4 4 4 4 4 4 

0 0 0 0 0 0 0 0 0 0 0 0 0 0 0 0 
0 0 0 0 0 0 0 0 0 0 0 0 0 0 0 0 
0 0 0 0 0 0 0 0 0 0 0 0 0 0 0 0 
0 0 0 0 0 0 0 0 0 0 0 0 0 0 0 0 
0 0 0 0 0 0 0 0 0 0 0 0 0 0 0 0 
0 0 0 0 0 8 8 8 8 8 8 0 0 0 0 0 
0 0 0 0 8 8 9 9 9 9 8 8 0 0 0 0 
0 0 0 8 8 9 9 8 8 9 9 8 8 0 0 0 
0 0 0 8 9 9 8 9 9 8 9 9 8 0 0 0 
0 0 0 8 9 9 8 9 9 8 9 9 8 0 0 0 
0 0 0 8 9 9 8 9 9 8 9 9 8 0 0 0 
0 0 0 8 9 9 8 9 9 8 9 9 8 0 0 0 
0 0 3 3 3 3 3 3 3 3 3 3 3 3 0 0 
0 3 3 3 3 3 3 3 3 3 3 3 3 3 3 0 
4 4 4 4 4 4 4 4 4 4 4 4 4 4 4 4 
4 4 4 4 4 4 4 4 4 4 4 4 4 4 4 4 

0 0 0 0 0 0 0 0 0 0 0 0 0 0 0 0 
0 0 0 0 0 0 0 0 0 0 0 0 0 0 0 0 
0 0 0 0 0 0 0 0 0 0 0 0 0 0 0 0 
0 0 0 0 0 0 0 0 0 0 0 0 0 0 0 0 
0 0 0 0 0 0 0 0 0 0 0 0 0 0 0 0 
0 0 0 0 0 8 8 8 8 8 8 0 0 0 0 0 
0 0 0 0 8 8 9 10 10 9 8 8 0 0 0 0 
0 0 0 8 8 9 10 9 9 10 9 8 8 0 0 0 
0 0 0 8 9 9 8 10 10 8 9 9 8 0 0 0 
0 0 0 8 9 9 8 9 9 8 9 9 8 0 0 0 
0 0 0 8 9 9 8 9 9 8 9 9 8 0 0 0 
0 0 0 8 9 9 8 9 9 8 9 9 8 0 0 0 
0 0 3 3 3 3 3 3 3 3 3 3 3 3 0 0 
0 3 3 3 3 3 3 3 3 3 3 3 3 3 3 0 
4 4 4 4 4 4 4 4 4 4 4 4 4 4 4 4 
4 4 4 4 4 4 4 4 4 4 4 4 4 4 4 4 

0 0 0 0 0 0 0 0 0 0 0 0 0 0 0 0 
0 0 0 0 0 0 0 0 0 0 0 0 0 0 0 0 
0 0 0 0 0 0 0 0 0 0 0 0 0 0 0 0 
0 0 0 0 0 0 0 0 0 0 0 0 0 0 0 0 
0 0 0 0 0 0 0 0 0 0 0 0 0 0 0 0 
0 0 0 0 0 9 9 9 9 9 9 0 0 0 0 0 
0 0 0 0 9 9 10 11 11 10 9 9 0 0 0 0 
0 0 0 9 9 10 11 11 11 11 10 9 9 0 0 0 
0 0 0 9 10 10 9 11 11 9 10 10 9 0 0 0 
0 0 0 9 10 10 9 10 10 9 10 10 9 0 0 0 
0 0 0 9 10 10 9 10 10 9 10 10 9 0 0 0 
0 0 0 9 10 10 9 10 10 9 10 10 9 0 0 0 
0 0 3 8 8 8 8 8 8 8 8 8 8 3 0 0 
0 3 3 3 3 3 3 3 3 3 3 3 3 3 3 0 
4 4 4 4 4 4 4 4 4 4 4 4 4 4 4 4 
4 4 4 4 4 4 4 4 4 4 4 4 4 4 4 4 

0 0 0 0 0 0 0 0 0 0 0 0 0 0 0 0 
0 0 0 0 0 0 0 0 0 0 0 0 0 0 0 0 
0 0 0 0 0 0 0 0 0 0 0 0 0 0 0 0 
0 0 0 0 0 0 0 0 0 0 0 0 0 0 0 0 
0 0 0 0 0 0 0 0 0 0 0 0 0 0 0 0 
0 0 0 0 0 10 10 10 10 10 10 0 0 0 0 0 
0 0 0 0 10 10 11 12 12 11 10 10 0 0 0 0 
0 0 0 10 10 11 12 12 12 12 11 10 10 0 0 0 
0 0 0 10 11 11 11 12 12 11 11 11 10 0 0 0 
0 0 0 10 11 11 11 11 11 11 11 11 10 0 0 0 
0 0 0 10 11 11 11 11 11 11 11 11 10 0 0 0 
0 0 0 10 11 11 11 11 11 11 11 11 10 0 0 0 
0 0 8 9 9 9 9 9 9 9 9 9 9 8 0 0 
0 3 3 8 8 8 8 8 8 8 8 8 8 3 3 0 
4 4 4 4 4 4 4 4 4 4 4 4 4 4 4 4 
4 4 4 4 4 4 4 4 4 4 4 4 4 4 4 4 